3.66
3.90
3.83
3.44
3.66
3.68
3.32
3.92
3.13
3.66
3.65
3.31
3.56
3.77
3.20
3.01
3.56
3.60
3.87
3.13
3.80
3.18
3.24
3.68
3.68
3.18
3.43
3.38
3.29
3.80
3.40
3.27
3.57
3.68
3.23
3.30
3.19
3.28
3.44
3.26
2.80
3.85
3.32
3.68
3.73
3.33
2.90
3.45
2.99
3.04
3.55
3.68
3.68
3.81
3.39
3.52
3.61
3.24
3.27
2.93
3.21
3.69
3.66
3.88
3.25
3.47
3.60
3.19
3.94
3.69
3.63
3.24
3.60
3.12
3.71
3.26
3.48
3.66
3.77
3.91
3.61
3.61
3.29
3.55
3.50
3.21
3.36
3.35
3.08
3.11
3.82
3.71
3.27
3.78
3.42
3.38
3.15
3.35
2.88
3.86
3.36
3.19
3.39
3.52
3.69
3.58
3.67
3.30
3.56
3.57
3.76
3.45
3.77
3.77
3.43
3.51
2.96
3.68
3.49
3.80
3.65
3.20
3.54
3.55
3.75
3.88
3.80
3.82
3.54
3.47
3.73
3.57
3.35
3.60
3.55
3.72
3.20
3.35
3.70
3.50
3.13
3.83
3.08
3.30
3.17
3.17
3.26
3.43
3.16
3.11
0
3.54
3.87
3.17
3.48
3.76
3.96
3.43
2.92
3.03
3.67
3.81
3.96
3.61
3.66
3.79
2.79
3.10
3.50
3.65
3.03
3.06
3.59
3.14
3.48
3.58
2.87
3.63
3.68
3.79
3.30
